Length	L	M	S	P01	P1	P3	P5	P10	P15	P25	P50	P75	P85	P90	P95	P97	P99	P999
45	-0.3521	2.441	0.09182	1.9	2	2.1	2.1	2.2	2.2	2.3	2.4	2.6	2.7	2.8	2.9	2.9	3	3.3
45.5	-0.3521	2.5244	0.09153	1.9	2.1	2.1	2.2	2.3	2.3	2.4	2.5	2.7	2.8	2.8	2.9	3	3.1	3.4
46	-0.3521	2.6077	0.09124	2	2.1	2.2	2.3	2.3	2.4	2.5	2.6	2.8	2.9	2.9	3	3.1	3.3	3.5
46.5	-0.3521	2.6913	0.09094	2.1	2.2	2.3	2.3	2.4	2.5	2.5	2.7	2.9	3	3	3.1	3.2	3.4	3.6
47	-0.3521	2.7755	0.09065	2.1	2.3	2.4	2.4	2.5	2.5	2.6	2.8	3	3.1	3.1	3.2	3.3	3.5	3.7
47.5	-0.3521	2.8609	0.09036	2.2	2.3	2.4	2.5	2.6	2.6	2.7	2.9	3	3.1	3.2	3.3	3.4	3.6	3.8
48	-0.3521	2.948	0.09007	2.3	2.4	2.5	2.6	2.6	2.7	2.8	2.9	3.1	3.2	3.3	3.4	3.5	3.7	4
48.5	-0.3521	3.0377	0.08977	2.3	2.5	2.6	2.6	2.7	2.8	2.9	3	3.2	3.3	3.4	3.5	3.6	3.8	4.1
49	-0.3521	3.1308	0.08948	2.4	2.6	2.7	2.7	2.8	2.9	2.9	3.1	3.3	3.4	3.5	3.6	3.7	3.9	4.2
49.5	-0.3521	3.2276	0.08919	2.5	2.6	2.7	2.8	2.9	2.9	3	3.2	3.4	3.5	3.6	3.8	3.8	4	4.3
50	-0.3521	3.3278	0.0889	2.6	2.7	2.8	2.9	3	3	3.1	3.3	3.5	3.7	3.7	3.9	4	4.1	4.4
50.5	-0.3521	3.4311	0.08861	2.6	2.8	2.9	3	3.1	3.1	3.2	3.4	3.6	3.8	3.9	4	4.1	4.2	4.6
51	-0.3521	3.5376	0.08831	2.7	2.9	3	3.1	3.2	3.2	3.3	3.5	3.8	3.9	4	4.1	4.2	4.4	4.7
51.5	-0.3521	3.6477	0.08801	2.8	3	3.1	3.2	3.3	3.3	3.4	3.6	3.9	4	4.1	4.2	4.3	4.5	4.9
52	-0.3521	3.762	0.08771	2.9	3.1	3.2	3.3	3.4	3.4	3.5	3.8	4	4.1	4.2	4.4	4.5	4.6	5
52.5	-0.3521	3.8814	0.08741	3	3.2	3.3	3.4	3.5	3.6	3.7	3.9	4.1	4.3	4.4	4.5	4.6	4.8	5.2
53	-0.3521	4.006	0.08711	3.1	3.3	3.4	3.5	3.6	3.7	3.8	4	4.3	4.4	4.5	4.6	4.7	4.9	5.3
53.5	-0.3521	4.1354	0.08681	3.2	3.4	3.5	3.6	3.7	3.8	3.9	4.1	4.4	4.5	4.6	4.8	4.9	5.1	5.5
54	-0.3521	4.2693	0.08651	3.3	3.5	3.6	3.7	3.8	3.9	4	4.3	4.5	4.7	4.8	4.9	5	5.3	5.7
54.5	-0.3521	4.4066	0.08621	3.4	3.6	3.8	3.8	4	4	4.2	4.4	4.7	4.8	4.9	5.1	5.2	5.4	5.8
55	-0.3521	4.5467	0.08592	3.5	3.7	3.9	4	4.1	4.2	4.3	4.5	4.8	5	5.1	5.3	5.4	5.6	6
55.5	-0.3521	4.6892	0.08563	3.6	3.9	4	4.1	4.2	4.3	4.4	4.7	5	5.1	5.2	5.4	5.5	5.8	6.2
56	-0.3521	4.8338	0.08535	3.8	4	4.1	4.2	4.3	4.4	4.6	4.8	5.1	5.3	5.4	5.6	5.7	5.9	6.4
56.5	-0.3521	4.9796	0.08507	3.9	4.1	4.3	4.3	4.5	4.6	4.7	5	5.3	5.4	5.6	5.7	5.9	6.1	6.6
57	-0.3521	5.1259	0.08481	4	4.2	4.4	4.5	4.6	4.7	4.8	5.1	5.4	5.6	5.7	5.9	6	6.3	6.7
57.5	-0.3521	5.2721	0.08455	4.1	4.4	4.5	4.6	4.7	4.8	5	5.3	5.6	5.8	5.9	6.1	6.2	6.5	6.9
58	-0.3521	5.418	0.0843	4.2	4.5	4.6	4.7	4.9	5	5.1	5.4	5.7	5.9	6	6.2	6.4	6.6	7.1
58.5	-0.3521	5.5632	0.08406	4.3	4.6	4.8	4.9	5	5.1	5.3	5.6	5.9	6.1	6.2	6.4	6.5	6.8	7.3
59	-0.3521	5.7074	0.08383	4.5	4.7	4.9	5	5.1	5.2	5.4	5.7	6	6.2	6.4	6.6	6.7	7	7.5
59.5	-0.3521	5.8501	0.08362	4.6	4.8	5	5.1	5.3	5.4	5.5	5.9	6.2	6.4	6.5	6.7	6.9	7.2	7.7
60	-0.3521	5.9907	0.08342	4.7	5	5.1	5.2	5.4	5.5	5.7	6	6.3	6.5	6.7	6.9	7	7.3	7.8
60.5	-0.3521	6.1284	0.08324	4.8	5.1	5.3	5.4	5.5	5.6	5.8	6.1	6.5	6.7	6.8	7.1	7.2	7.5	8
61	-0.3521	6.2632	0.08308	4.9	5.2	5.4	5.5	5.6	5.8	5.9	6.3	6.6	6.8	7	7.2	7.4	7.7	8.2
61.5	-0.3521	6.3954	0.08292	5	5.3	5.5	5.6	5.8	5.9	6.1	6.4	6.8	7	7.1	7.4	7.5	7.8	8.4
62	-0.3521	6.5251	0.08279	5.1	5.4	5.6	5.7	5.9	6	6.2	6.5	6.9	7.1	7.3	7.5	7.7	8	8.5
62.5	-0.3521	6.6527	0.08266	5.2	5.5	5.7	5.8	6	6.1	6.3	6.7	7	7.3	7.4	7.6	7.8	8.1	8.7
63	-0.3521	6.7786	0.08255	5.3	5.6	5.8	5.9	6.1	6.2	6.4	6.8	7.2	7.4	7.6	7.8	8	8.3	8.9
63.5	-0.3521	6.9028	0.08245	5.4	5.7	5.9	6	6.2	6.3	6.5	6.9	7.3	7.5	7.7	7.9	8.1	8.4	9
64	-0.3521	7.0255	0.08236	5.5	5.8	6	6.2	6.3	6.5	6.6	7	7.4	7.7	7.8	8.1	8.2	8.6	9.2
64.5	-0.3521	7.1467	0.08229	5.6	5.9	6.1	6.3	6.4	6.6	6.8	7.1	7.6	7.8	8	8.2	8.4	8.7	9.3
65	-0.3521	7.2666	0.08223	5.7	6	6.3	6.4	6.6	6.7	6.9	7.3	7.7	7.9	8.1	8.3	8.5	8.9	9.5
65.5	-0.3521	7.3854	0.08218	5.8	6.1	6.4	6.5	6.7	6.8	7	7.4	7.8	8.1	8.2	8.5	8.7	9	9.6
66	-0.3521	7.5034	0.08215	5.9	6.2	6.5	6.6	6.8	6.9	7.1	7.5	7.9	8.2	8.4	8.6	8.8	9.1	9.8
66.5	-0.3521	7.6206	0.08213	6	6.3	6.6	6.7	6.9	7	7.2	7.6	8.1	8.3	8.5	8.8	8.9	9.3	9.9
67	-0.3521	7.737	0.08212	6.1	6.4	6.7	6.8	7	7.1	7.3	7.7	8.2	8.4	8.6	8.9	9.1	9.4	10.1
67.5	-0.3521	7.8526	0.08212	6.2	6.5	6.8	6.9	7.1	7.2	7.4	7.9	8.3	8.6	8.7	9	9.2	9.6	10.2
68	-0.3521	7.9674	0.08214	6.2	6.6	6.9	7	7.2	7.3	7.5	8	8.4	8.7	8.9	9.2	9.3	9.7	10.4
68.5	-0.3521	8.0816	0.08216	6.3	6.7	7	7.1	7.3	7.4	7.7	8.1	8.5	8.8	9	9.3	9.5	9.8	10.5
69	-0.3521	8.1955	0.08219	6.4	6.8	7.1	7.2	7.4	7.5	7.8	8.2	8.7	8.9	9.1	9.4	9.6	10	10.7
69.5	-0.3521	8.3092	0.08224	6.5	6.9	7.1	7.3	7.5	7.6	7.9	8.3	8.8	9.1	9.3	9.5	9.7	10.1	10.8
70	-0.3521	8.4227	0.08229	6.6	7	7.2	7.4	7.6	7.7	8	8.4	8.9	9.2	9.4	9.7	9.9	10.3	11
70.5	-0.3521	8.5358	0.08235	6.7	7.1	7.3	7.5	7.7	7.8	8.1	8.5	9	9.3	9.5	9.8	10	10.4	11.1
71	-0.3521	8.648	0.08241	6.8	7.2	7.4	7.6	7.8	8	8.2	8.6	9.1	9.4	9.6	9.9	10.1	10.5	11.3
71.5	-0.3521	8.7594	0.08248	6.9	7.3	7.5	7.7	7.9	8.1	8.3	8.8	9.3	9.6	9.8	10.1	10.3	10.7	11.4
72	-0.3521	8.8697	0.08254	6.9	7.4	7.6	7.8	8	8.2	8.4	8.9	9.4	9.7	9.9	10.2	10.4	10.8	11.6
72.5	-0.3521	8.9788	0.08262	7	7.5	7.7	7.9	8.1	8.3	8.5	9	9.5	9.8	10	10.3	10.5	11	11.7
73	-0.3521	9.0865	0.08269	7.1	7.5	7.8	8	8.2	8.4	8.6	9.1	9.6	9.9	10.1	10.4	10.7	11.1	11.9
73.5	-0.3521	9.1927	0.08276	7.2	7.6	7.9	8	8.3	8.4	8.7	9.2	9.7	10	10.2	10.6	10.8	11.2	12
74	-0.3521	9.2974	0.08283	7.3	7.7	8	8.1	8.4	8.5	8.8	9.3	9.8	10.1	10.4	10.7	10.9	11.4	12.2
74.5	-0.3521	9.401	0.08289	7.4	7.8	8.1	8.2	8.5	8.6	8.9	9.4	9.9	10.3	10.5	10.8	11	11.5	12.3
75	-0.3521	9.5032	0.08295	7.4	7.9	8.2	8.3	8.6	8.7	9	9.5	10.1	10.4	10.6	10.9	11.2	11.6	12.4
75.5	-0.3521	9.6041	0.08301	7.5	8	8.2	8.4	8.7	8.8	9.1	9.6	10.2	10.5	10.7	11	11.3	11.7	12.6
76	-0.3521	9.7033	0.08307	7.6	8	8.3	8.5	8.7	8.9	9.2	9.7	10.3	10.6	10.8	11.2	11.4	11.9	12.7
76.5	-0.3521	9.8007	0.08311	7.7	8.1	8.4	8.6	8.8	9	9.3	9.8	10.4	10.7	10.9	11.3	11.5	12	12.8
77	-0.3521	9.8963	0.08314	7.7	8.2	8.5	8.7	8.9	9.1	9.4	9.9	10.5	10.8	11	11.4	11.6	12.1	13
77.5	-0.3521	9.9902	0.08317	7.8	8.3	8.6	8.7	9	9.2	9.5	10	10.6	10.9	11.1	11.5	11.7	12.2	13.1
78	-0.3521	10.0827	0.08318	7.9	8.4	8.7	8.8	9.1	9.3	9.5	10.1	10.7	11	11.2	11.6	11.8	12.3	13.2
78.5	-0.3521	10.1741	0.08318	8	8.4	8.7	8.9	9.2	9.3	9.6	10.2	10.8	11.1	11.3	11.7	12	12.4	13.3
79	-0.3521	10.2649	0.08316	8	8.5	8.8	9	9.2	9.4	9.7	10.3	10.9	11.2	11.4	11.8	12.1	12.5	13.4
79.5	-0.3521	10.3558	0.08313	8.1	8.6	8.9	9.1	9.3	9.5	9.8	10.4	11	11.3	11.5	11.9	12.2	12.7	13.6
80	-0.3521	10.4475	0.08308	8.2	8.7	9	9.1	9.4	9.6	9.9	10.4	11.1	11.4	11.6	12	12.3	12.8	13.7
80.5	-0.3521	10.5405	0.08301	8.2	8.7	9.1	9.2	9.5	9.7	10	10.5	11.2	11.5	11.7	12.1	12.4	12.9	13.8
81	-0.3521	10.6352	0.08293	8.3	8.8	9.1	9.3	9.6	9.8	10.1	10.6	11.3	11.6	11.9	12.2	12.5	13	13.9
81.5	-0.3521	10.7322	0.08284	8.4	8.9	9.2	9.4	9.7	9.9	10.2	10.7	11.4	11.7	12	12.3	12.6	13.1	14
82	-0.3521	10.8321	0.08273	8.5	9	9.3	9.5	9.8	10	10.2	10.8	11.5	11.8	12.1	12.5	12.7	13.2	14.2
82.5	-0.3521	10.935	0.0826	8.6	9.1	9.4	9.6	9.9	10.1	10.3	10.9	11.6	11.9	12.2	12.6	12.8	13.3	14.3
83	-0.3521	11.0415	0.08246	8.7	9.2	9.5	9.7	10	10.1	10.4	11	11.7	12	12.3	12.7	13	13.5	14.4
83.5	-0.3521	11.1516	0.08231	8.7	9.3	9.6	9.8	10.1	10.3	10.6	11.2	11.8	12.2	12.4	12.8	13.1	13.6	14.6
84	-0.3521	11.2651	0.08215	8.8	9.4	9.7	9.9	10.2	10.4	10.7	11.3	11.9	12.3	12.5	12.9	13.2	13.7	14.7
84.5	-0.3521	11.3817	0.08198	8.9	9.5	9.8	10	10.3	10.5	10.8	11.4	12	12.4	12.7	13.1	13.3	13.9	14.8
85	-0.3521	11.5007	0.08181	9	9.6	9.9	10.1	10.4	10.6	10.9	11.5	12.2	12.5	12.8	13.2	13.5	14	15
85.5	-0.3521	11.6218	0.08163	9.1	9.7	10	10.2	10.5	10.7	11	11.6	12.3	12.7	12.9	13.3	13.6	14.1	15.1
86	-0.3521	11.7444	0.08145	9.2	9.8	10.1	10.3	10.6	10.8	11.1	11.7	12.4	12.8	13.1	13.5	13.7	14.3	15.3
86.5	-0.3521	11.8678	0.08128	9.3	9.9	10.2	10.4	10.7	10.9	11.2	11.9	12.5	12.9	13.2	13.6	13.9	14.4	15.4
87	-0.3521	11.9916	0.08111	9.4	10	10.3	10.5	10.8	11	11.4	12	12.7	13.1	13.3	13.7	14	14.6	15.6
87.5	-0.3521	12.1152	0.08096	9.5	10.1	10.4	10.6	10.9	11.2	11.5	12.1	12.8	13.2	13.5	13.9	14.2	14.7	15.7
88	-0.3521	12.2382	0.08082	9.6	10.2	10.6	10.7	11.1	11.3	11.6	12.2	12.9	13.3	13.6	14	14.3	14.9	15.9
88.5	-0.3521	12.3603	0.08069	9.7	10.3	10.7	10.9	11.2	11.4	11.7	12.4	13.1	13.5	13.7	14.2	14.4	15	16
89	-0.3521	12.4815	0.08058	9.8	10.4	10.8	11	11.3	11.5	11.8	12.5	13.2	13.6	13.9	14.3	14.6	15.2	16.2
89.5	-0.3521	12.6017	0.08048	9.9	10.5	10.9	11.1	11.4	11.6	11.9	12.6	13.3	13.7	14	14.4	14.7	15.3	16.3
90	-0.3521	12.7209	0.08041	10	10.6	11	11.2	11.5	11.7	12.1	12.7	13.4	13.8	14.1	14.6	14.9	15.4	16.5
90.5	-0.3521	12.8392	0.08034	10.1	10.7	11.1	11.3	11.6	11.8	12.2	12.8	13.6	14	14.3	14.7	15	15.6	16.6
91	-0.3521	12.9569	0.0803	10.2	10.8	11.2	11.4	11.7	11.9	12.3	13	13.7	14.1	14.4	14.8	15.1	15.7	16.8
91.5	-0.3521	13.0742	0.08026	10.3	10.9	11.3	11.5	11.8	12	12.4	13.1	13.8	14.2	14.5	15	15.3	15.9	16.9
92	-0.3521	13.191	0.08025	10.4	11	11.4	11.6	11.9	12.2	12.5	13.2	13.9	14.4	14.6	15.1	15.4	16	17.1
92.5	-0.3521	13.3075	0.08025	10.5	11.1	11.5	11.7	12	12.3	12.6	13.3	14.1	14.5	14.8	15.2	15.5	16.1	17.3
93	-0.3521	13.4239	0.08026	10.6	11.2	11.6	11.8	12.1	12.4	12.7	13.4	14.2	14.6	14.9	15.4	15.7	16.3	17.4
93.5	-0.3521	13.5404	0.08029	10.7	11.3	11.7	11.9	12.2	12.5	12.8	13.5	14.3	14.7	15	15.5	15.8	16.4	17.6
94	-0.3521	13.6572	0.08034	10.8	11.4	11.8	12	12.3	12.6	12.9	13.7	14.4	14.9	15.2	15.6	16	16.6	17.7
94.5	-0.3521	13.7746	0.0804	10.9	11.5	11.9	12.1	12.4	12.7	13.1	13.8	14.5	15	15.3	15.8	16.1	16.7	17.9
95	-0.3521	13.8928	0.08047	10.9	11.6	12	12.2	12.6	12.8	13.2	13.9	14.7	15.1	15.4	15.9	16.2	16.9	18
95.5	-0.3521	14.012	0.08056	11	11.7	12.1	12.3	12.7	12.9	13.3	14	14.8	15.3	15.6	16	16.4	17	18.2
96	-0.3521	14.1325	0.08067	11.1	11.8	12.2	12.4	12.8	13	13.4	14.1	14.9	15.4	15.7	16.2	16.5	17.2	18.3
96.5	-0.3521	14.2544	0.08078	11.2	11.9	12.3	12.5	12.9	13.1	13.5	14.3	15.1	15.5	15.8	16.3	16.7	17.3	18.5
97	-0.3521	14.3782	0.08092	11.3	12	12.4	12.6	13	13.2	13.6	14.4	15.2	15.7	16	16.5	16.8	17.5	18.7
97.5	-0.3521	14.5038	0.08106	11.4	12.1	12.5	12.7	13.1	13.4	13.7	14.5	15.3	15.8	16.1	16.6	17	17.6	18.9
98	-0.3521	14.6316	0.08122	11.5	12.2	12.6	12.8	13.2	13.5	13.9	14.6	15.5	15.9	16.3	16.8	17.1	17.8	19
98.5	-0.3521	14.7614	0.08139	11.6	12.3	12.7	13	13.3	13.6	14	14.8	15.6	16.1	16.4	16.9	17.3	18	19.2
99	-0.3521	14.8934	0.08157	11.7	12.4	12.8	13.1	13.4	13.7	14.1	14.9	15.7	16.2	16.6	17.1	17.4	18.1	19.4
99.5	-0.3521	15.0275	0.08177	11.8	12.5	12.9	13.2	13.6	13.8	14.2	15	15.9	16.4	16.7	17.2	17.6	18.3	19.6
100	-0.3521	15.1637	0.08198	11.9	12.6	13	13.3	13.7	13.9	14.4	15.2	16	16.5	16.9	17.4	17.8	18.5	19.8
100.5	-0.3521	15.3018	0.0822	12	12.7	13.2	13.4	13.8	14.1	14.5	15.3	16.2	16.7	17	17.6	17.9	18.7	20
101	-0.3521	15.4419	0.08243	12.1	12.8	13.3	13.5	13.9	14.2	14.6	15.4	16.3	16.8	17.2	17.7	18.1	18.8	20.2
101.5	-0.3521	15.5838	0.08267	12.2	12.9	13.4	13.6	14	14.3	14.7	15.6	16.5	17	17.4	17.9	18.3	19	20.4
102	-0.3521	15.7276	0.08292	12.3	13	13.5	13.8	14.2	14.5	14.9	15.7	16.6	17.2	17.5	18.1	18.5	19.2	20.6
102.5	-0.3521	15.8732	0.08317	12.4	13.2	13.6	13.9	14.3	14.6	15	15.9	16.8	17.3	17.7	18.3	18.6	19.4	20.8
103	-0.3521	16.0206	0.08343	12.5	13.3	13.8	14	14.4	14.7	15.2	16	17	17.5	17.9	18.4	18.8	19.6	21
103.5	-0.3521	16.1697	0.0837	12.6	13.4	13.9	14.1	14.6	14.8	15.3	16.2	17.1	17.7	18	18.6	19	19.8	21.2
104	-0.3521	16.3204	0.08397	12.7	13.5	14	14.3	14.7	15	15.4	16.3	17.3	17.8	18.2	18.8	19.2	20	21.4
104.5	-0.3521	16.4728	0.08425	12.8	13.6	14.1	14.4	14.8	15.1	15.6	16.5	17.4	18	18.4	19	19.4	20.2	21.6
105	-0.3521	16.6268	0.08453	13	13.7	14.2	14.5	14.9	15.3	15.7	16.6	17.6	18.2	18.6	19.2	19.6	20.4	21.9
105.5	-0.3521	16.7826	0.08481	13.1	13.9	14.4	14.6	15.1	15.4	15.9	16.8	17.8	18.4	18.7	19.4	19.8	20.6	22.1
106	-0.3521	16.9401	0.0851	13.2	14	14.5	14.8	15.2	15.5	16	16.9	18	18.5	18.9	19.6	20	20.8	22.3
106.5	-0.3521	17.0995	0.08539	13.3	14.1	14.6	14.9	15.4	15.7	16.2	17.1	18.1	18.7	19.1	19.7	20.2	21	22.6
107	-0.3521	17.2607	0.08568	13.4	14.2	14.8	15	15.5	15.8	16.3	17.3	18.3	18.9	19.3	19.9	20.4	21.2	22.8
107.5	-0.3521	17.4237	0.08599	13.5	14.4	14.9	15.2	15.6	16	16.5	17.4	18.5	19.1	19.5	20.1	20.6	21.4	23
108	-0.3521	17.5885	0.08629	13.6	14.5	15	15.3	15.8	16.1	16.6	17.6	18.7	19.3	19.7	20.3	20.8	21.7	23.3
108.5	-0.3521	17.7553	0.0866	13.7	14.6	15.2	15.5	15.9	16.3	16.8	17.8	18.8	19.5	19.9	20.5	21	21.9	23.5
109	-0.3521	17.9242	0.08691	13.9	14.7	15.3	15.6	16.1	16.4	16.9	17.9	19	19.6	20.1	20.8	21.2	22.1	23.8
109.5	-0.3521	18.0954	0.08723	14	14.9	15.4	15.7	16.2	16.6	17.1	18.1	19.2	19.8	20.3	21	21.4	22.3	24
110	-0.3521	18.2689	0.08755	14.1	15	15.6	15.9	16.4	16.7	17.2	18.3	19.4	20	20.5	21.2	21.6	22.6	24.3
